Webots Project File version R2023a
perspectives: 000000ff00000000fd0000000300000000000001ca0000039ffc0200000001fb00000012005300630065006e0065005400720065006501000000000000039f0000000000000000000000010000031e00000457fc0200000001fb0000001400540065007800740045006400690074006f00720100000017000004570000008900ffffff0000000300000780000000dafc0100000002fb0000000e0043006f006e0073006f006c006501000001d0000005b00000000000000000fb0000001a0043006f006e0073006f006c00650041006c006c0041006c006c0100000000000007800000006900ffffff000004600000045700000004000000040000000100000008fc00000000
simulationViewPerspectives: 000000ff00000001000000020000016c000004a00100000002010000000101
sceneTreePerspectives: 000000ff00000001000000030000001c00000301000000fa0100000002010000000201
maximizedDockId: -1
centralWidgetVisible: 1
orthographicViewHeight: 1
textFiles: 0 "../../../../usr/local/webots/projects/objects/computers/controllers/laptop_switch_on/laptop_switch_on.c"
consoles: Console:All:All
renderingDevicePerspectives: basic arm:camera;1;0.815991;0.60775;0.0228356
renderingDevicePerspectives: laptop:display;1;0.379032;0.00305499;0
