Webots Project File version R2023a
perspectives: 000000ff00000000fd00000002000000010000031800000458fc0200000001fb0000001400540065007800740045006400690074006f00720100000017000004580000008900ffffff00000003000007cf000000d9fc0100000001fb0000001a0043006f006e0073006f006c00650041006c006c0041006c006c0100000000000007cf0000006900ffffff000004b50000045800000001000000020000000100000008fc00000000
simulationViewPerspectives: 000000ff000000010000000200000100000005b10100000002010000000101
sceneTreePerspectives: 000000ff00000001000000030000001c000000c0000000fa0100000002010000000201
minimizedPerspectives: 000000ff00000000fd0000000300000000000001ca0000039ffc0200000001fb00000012005300630065006e0065005400720065006501000000000000039f000000000000000000000001000003e000000404fc0200000001fb0000001400540065007800740045006400690074006f00720000000017000004040000008900ffffff00000003000007800000012dfc0100000002fb0000000e0043006f006e0073006f006c006501000001d0000005b00000000000000000fb0000001a0043006f006e0073006f006c00650041006c006c0041006c006c0100000000000007800000006900ffffff000007800000040400000004000000040000000100000008fc00000000
maximizedDockId: -1
centralWidgetVisible: 1
renderingMode: PLAIN
orthographicViewHeight: 1
textFiles: 1 "controllers/OrbitMouse/OrbitMouse.py" "protos/urdf/robot.proto"
globalOptionalRendering: LightSensorRays::LightPositions
consoles: Console:All:All
renderingDevicePerspectives: laptop:display;0;0.384028;0.431049;0
